{"true_labels":[0,0,1,2,1,1,0,1,2,2,2,0,2,2,0,1,0,0,1,0,2,2,1,1,0,0,2,1,0,1,1,2,2,1,1,2,2,1,0,2,0,1,0,1,0,0,2,2,2,1,1,1,0,1,2,0,0,2,0,2,2,2,1,1,2,2,1,2,1,2,1,2,2,1,1,1,1,0,0,2,1,1,2,1,1,0,2,2,2,2,1,2,0,2,1,1,1,1,1,1,1,0,2,0,1,0,0,0,1,2,2,1,0,1,1,2,1,2,1,0,1,2,2,1,1,1,1,1,2,2,2,0,1,1,2,1,2,0,1,2,1,2,1,0,2,1,1,0,0,2,2,2,1,0,1,2,1,0,0,2,0,2,2,0,0,2,2,1,1,2,1,0,1,1,2,2,1,0,0,2,0,2,2,2,2,0,0,2,0,2,0,0,2,0,2,2,1,0,0,1,0,1,2,1,1,1,2,1,2,1,0,0,2,0,2,2,1,0,1,1,2,0,0,1,1,0,1,1,1,0,1,1,1,0,0,2,2,2,2,1,2,0,1,1,1,0,1,1,0,1,1,1,2,1,0,2,1,2,1,1,2,0,0,1,2,0,1,1,2,0,2,1,1,1,1,2,2,0,0,1,2,2,0,0,0,1,1,2,0,0,1,2,0,0,0,1,0,0,1,0,1,0,0,1,2,1,1,2,0,0,2,2,0,0,2,1,2,1,1,2,1,0,1,2,2,1,1,2,0,1,1,2,1,0,0,1,0,1,2,1,2,1,1,2,2,1,2,1,2,0,0,1,1,1,0,2,0,2,1,0,2,2,2,2,0,2,1,0,1,0,2,1,0,0,0,1,0,0,1,0,2,1,1,1,0,2,0,1,2,0,2,2,2,1,1,2,1,2,2,0,1,2,1,1,0,0,1,1,2,0,2,0,2,1,2,1,0,2,1,0,1,0,1,1,1,0,0,1,1,2,1,2,1,0,0,0,1,1,2,0,2,2,2,2,1,1,1,0,0,1,1,0,1,1,1,1,2,0,2,2,1,2,2,1,1,2,2,2,0,0,0,1,0,1,2,0,1,2,0,1,1,2,2,0,2,1,0,0,1,2,0,0,2,2,0,0,1,2,0,1,0,1,0,0,1,2,0,0,0,2,0,0,1,2,0,1,1,1,1,2,0,1,0,2,1,2,1,0,2,0,1,2,0,0,1,1,1,0,1,2,1,1,0,0,0,2,2,0,1,1,1,0,0,2,0,1,2,2,1,2,2,1,2,1,1,2,2,0,1,1,1,2,1,1,0,1,2,2,1,0,1,1,2,0,2,0,2,2,0,1,2,1,0,2,1,0,0,1,0,2,0,0,2,1,2,1,2,2,0,0,0,2,2,2,2,2,2,2,1,2,2,1,0,1,0,0,1,2,0,1,0,1,2,1,2,1,1,1,0,2,1,0,1,1,0,2,2,1,0,1,0,0,0,2,2,2,2,0,0,0,0,1,1,1,2,0,0,2,0,2,1,0,0,0,2,0,0,1,0,1,2,1,2,0,0,0,2,0,0,0,1,2,1,1,1,2,1,0,1,2,1,2,0,2,2,0,2,1,1,2,2,2,1,0,1,1,2,0,1,1,2,0,2,0,2,2,1,1,1,1,2,1,1,1,2,2,2,2,1,2,2,2,2,2,2,1,2,0,1,2,0,1,1,1,0,0,1,1,1,2,2,0,2,1,1,0,1,2,2,1,0,2,1,2,0,1,0,0,1,2,1,0,2,2,2,0,2,2,1,2,0,0,1,2,2,1,2,2,0,2,2,0,1,1,0,2,1,1,2,2,1,1,0,0,2,0,1,0,2,0,2,1,2,1,2,1,1,1,0,2,0,0,2,0,2,0,1,0,1,1,1,0,0,2,2,2,1,2,1,1,2,1,0,2,0,2,0,2,1,2,1,2,1,2,1,2,1,2,0,1,2,0,1,1,0,0,1,1,2,1,0,0,1,2,2,1,1,1,2,0,2,2,1,1,1,1,1,0,2,2,1,0,1,0,2,0,1,1,2,1,0,1,2,0,1,0,1,1,1,2,2,0,0,1,2,2,2,0,0,2,1,2,0,1,0,1,1,2,1,2,0,1,2,0,1,2,2,2,1,1,0,2,0,2,2,2,2,1,1,2,1,1,0,0,2,0,2,1,0,1,2,2,0,1,1,1,0,1,0,1,2,0,2,1,1,1,2,0,1,1,2,0,0,2,1,1,0,0,0,2,0,0,1,1,0,2,2,2,2,1,1,2,2,2,2,2,2,2,1,1,0,1,1,0,1,1,0,1,1,1,1,2,1,1,0,0,1,0,1,2,2,1,2,2,1,1,0,0,2,2,1,1,2,0,2,2,0,1,2,2,1,0,2,1,1,1,0,2,1,0,0,1,0,2,2,0,1,0,0,2,0,1,2,0,1,0,0,1,2,1,2,2,2,1,0,1,0,1,0,2,1,1,0,1,1,2,1,2,0,1,1,0,1,2,1,2,1,1,0,0,2,0,0,1,0,0,0,1,0,1,1,2,0,0,1,1,1,0,1,1,1,2,0,0,2,1,0,0,0,2,0,0,0,2,1,2,1,1,1,1,1,0,1,2,1,1,0,2,0,0,1,2,1,2,2,1,1,1,2,2,2,1,1,2,2,0,0,1,2,2,1,1,2,2,2,1,1,0,1,0],"pred_labels":[2,1,1,2,1,2,0,1,2,0,0,0,1,1,2,1,2,0,1,0,2,1,1,1,2,0,2,1,0,1,1,0,2,1,1,2,2,1,0,2,2,1,1,1,0,0,2,2,2,1,1,0,1,1,1,1,0,2,1,2,0,0,1,1,2,2,2,2,1,2,2,1,2,1,1,1,1,1,2,0,1,1,2,1,1,0,2,2,2,2,1,2,0,2,1,1,0,1,1,1,1,2,2,0,2,0,0,0,1,2,2,1,0,1,1,2,0,2,1,0,1,2,2,1,2,1,1,1,2,2,2,1,1,2,2,1,2,0,1,0,2,1,1,0,2,1,1,0,0,2,2,1,1,0,1,2,0,1,0,2,1,2,0,1,1,1,2,1,1,0,1,1,1,1,2,2,0,0,0,2,0,2,1,2,2,2,0,2,1,2,0,2,1,2,2,1,1,0,0,1,0,1,2,1,1,1,2,0,2,1,2,0,2,0,0,1,2,0,1,2,2,0,0,1,2,0,1,1,0,0,1,2,1,0,0,2,2,2,2,1,2,0,1,1,1,0,1,1,0,1,2,1,1,1,0,2,0,0,1,0,2,0,0,1,2,0,1,1,2,0,2,2,0,0,2,0,2,0,2,2,0,0,0,0,0,1,1,2,0,0,1,2,0,2,0,1,0,1,1,0,1,2,0,1,0,1,1,2,0,2,2,0,0,0,2,1,1,1,1,2,1,0,1,2,2,1,1,0,2,2,2,0,1,0,2,1,0,2,1,2,0,1,1,2,2,1,2,1,0,0,0,1,0,1,0,2,0,2,1,2,1,2,2,2,0,2,1,0,1,2,2,1,2,0,0,0,0,0,1,0,2,1,1,2,0,0,0,1,2,0,2,2,1,0,1,2,1,2,2,0,1,1,1,0,0,0,1,1,0,0,2,2,2,0,2,1,0,0,1,0,1,1,1,1,1,0,0,0,1,2,1,2,1,1,0,0,1,1,2,0,2,2,2,1,0,2,1,0,0,1,1,2,1,0,1,2,0,1,0,0,1,2,1,2,1,2,2,2,0,0,0,2,1,1,2,1,1,1,0,1,1,2,2,1,1,0,0,0,1,2,0,0,1,1,0,0,1,1,2,1,0,1,0,0,1,2,0,0,0,2,0,0,1,2,0,0,1,0,1,2,0,1,1,2,1,0,1,0,1,1,1,2,1,0,0,1,1,1,1,1,0,1,0,0,0,0,2,0,1,2,2,2,0,2,0,2,2,2,1,2,2,1,1,1,1,2,2,1,1,1,2,2,1,0,0,1,2,2,1,0,0,0,2,0,1,0,2,2,0,1,2,1,0,1,1,0,0,1,2,2,0,0,2,1,2,2,2,0,0,1,2,2,2,2,2,1,2,2,1,2,1,1,0,1,0,0,0,2,0,1,0,1,2,1,0,1,1,1,0,2,0,0,1,1,0,2,2,2,0,2,0,0,0,2,2,2,2,0,0,2,0,2,1,2,2,0,1,1,2,2,2,0,0,2,2,0,1,2,0,1,2,1,1,0,0,0,2,0,0,0,1,2,1,0,1,2,1,0,0,2,1,2,0,2,2,0,1,1,1,2,2,2,0,2,1,2,2,2,1,1,2,0,2,0,2,0,1,2,0,1,2,1,1,1,1,2,0,2,2,2,2,2,2,2,2,0,1,0,1,2,0,1,1,0,0,0,1,1,0,1,0,1,2,1,1,0,1,2,1,1,0,1,0,2,2,1,0,0,1,2,1,0,1,2,2,0,2,2,1,2,1,0,1,2,2,0,2,1,1,0,2,2,1,1,1,1,1,1,2,1,0,0,0,0,2,0,1,1,2,0,2,1,2,1,0,1,1,1,0,2,2,2,2,0,0,2,1,0,1,1,1,0,0,2,1,2,1,1,1,2,1,2,0,2,1,1,1,2,1,2,0,2,1,1,0,2,1,0,0,1,2,0,1,1,2,0,1,1,2,1,0,0,1,2,2,0,1,1,2,0,0,2,1,1,1,1,0,1,2,1,1,0,1,0,2,0,0,0,2,1,1,0,2,0,0,2,2,1,1,2,2,0,0,1,0,2,1,2,0,2,1,0,0,1,0,0,1,2,1,0,0,1,2,0,0,2,2,2,1,0,0,1,0,2,2,2,0,1,2,1,1,1,0,0,2,1,2,1,0,1,2,2,0,1,1,1,0,1,1,1,2,1,2,1,1,1,2,0,1,1,0,0,1,2,1,2,0,2,0,2,0,0,1,1,0,2,2,2,1,2,1,2,2,2,2,2,2,2,1,0,0,1,0,1,1,2,0,0,0,1,1,2,1,1,0,1,1,0,0,2,0,2,2,2,1,2,1,0,0,2,0,1,2,0,2,2,1,0,2,2,1,0,2,1,1,2,0,2,1,0,1,1,0,2,0,0,1,0,0,2,1,1,2,2,1,0,0,1,1,1,2,2,0,1,1,1,1,1,0,0,1,0,0,1,0,2,0,2,2,1,1,1,2,1,1,1,1,0,0,0,1,1,2,1,1,1,1,1,0,1,1,0,0,0,1,0,1,2,1,0,0,0,1,0,0,0,0,0,1,2,0,0,0,2,1,1,1,1,2,1,1,2,2,2,1,1,0,0,0,0,1,2,1,0,2,0,1,0,2,2,1,1,1,2,1,0,1,1,2,2,1,0,2,2,2,1,1,0,1,0],"probs":[[0.31841834598321983,0.22969776223237465,0.45188389178440536],[0.4595366382483717,0.4675872847037575,0.07287607704787073],[0.1607622301725874,0.6521285725117735,0.18710919731563916],[0.37981728592147945,0.175078809336195,0.4451039047423256],[0.34932883068267145,0.5902767054753347,0.060394463841993894],[0.1077980614904633,0.20299636876318886,0.6892055697463477],[0.5302816709853284,0.28886139428117985,0.18085693473349174],[0.1397206768615138,0.5892210426402474,0.27105828049823866],[0.038866923340693284,0.28073209929309045,0.6804009773662163],[0.6145040794863802,0.1465859792605016,0.23890994125311824],[0.42215775355406293,0.20815380073839526,0.3696884457075418],[0.6859902891964641,0.275778050922513,0.03823165988102283],[0.007886989811806413,0.5373009561921965,0.4548120539959971],[0.25697306790010627,0.39053065017136923,0.35249628192852445],[0.2078307205485237,0.05371596753285232,0.7384533119186241],[0.043750020661764005,0.91442458529068,0.04182539404755597],[0.414854203957825,0.06343170110578696,0.521714094936388],[0.7321912420052702,0.11256304626629596,0.1552457117284338],[0.1812252186519512,0.7271801161705533,0.09159466517749554],[0.42135944798405095,0.21496710284768386,0.36367344916826516],[0.06276314019300219,0.24159699053903555,0.6956398692679623],[0.21381913730767102,0.4395055374320452,0.3466753252602839],[0.18652360292584808,0.7232469278355034,0.0902294692386486],[0.34876837463734556,0.411537996755807,0.2396936286068475],[0.3398559246440783,0.17286057075720432,0.48728350459871733],[0.6373091091703839,0.26797683026053976,0.09471406056907644],[0.16126759715743033,0.18070600059806213,0.6580264022445076],[0.1401657021533707,0.6978412666072665,0.16199303123936287],[0.6320616744214947,0.2459542645517404,0.12198406102676475],[0.24048020127635225,0.6575329779419912,0.10198682078165663],[0.13458291970833344,0.7692054259651359,0.09621165432653074],[0.4929247003261217,0.3632339722073854,0.14384132746649303],[0.09241457625493558,0.12032092870878228,0.7872644950362822],[0.23281485772191643,0.5964470984933019,0.17073804378478172],[0.15484731045506442,0.7660374601065372,0.07911522943839841],[0.1846612183147194,0.32959517074999756,0.48574361093528307],[0.11817738202265003,0.06715545020274012,0.8146671677746098],[0.052648289160398695,0.580752788982911,0.3665989218566903],[0.7096948337942958,0.17597309725667445,0.1143320689490298],[0.03681332046377671,0.012601218949638114,0.9505854605865852],[0.33709797210659437,0.2399839691188004,0.4229180587746052],[0.3161947560425065,0.532592992240635,0.15121225171685834],[0.31832977920858085,0.41749060448074904,0.26417961631067016],[0.1785125755810894,0.697589535931859,0.12389788848705141],[0.7004474997164989,0.004089846234572441,0.29546265404892874],[0.9091107895295756,0.06267797943133256,0.028211231039091816],[0.17060994417061817,0.15397833332248387,0.675411722506898],[0.09247946486031519,0.24214267760206953,0.6653778575376152],[0.02115418753994456,0.10427303740971032,0.874572775050345],[0.2761199679094387,0.47636320267374466,0.24751682941681663],[0.009051274843105837,0.7030430570366398,0.28790566812025437],[0.4952864971164459,0.1465995424641672,0.35811396041938687],[0.37163446429629615,0.5268297091754345,0.1015358265282694],[0.34069365927281436,0.3595980571287498,0.2997082835984357],[0.06340062177113263,0.6107210610544093,0.325878317174458],[0.40136848861025964,0.5165526551612434,0.08207885622849678],[0.451746571669573,0.2686351427611933,0.2796182855692336],[0.2255613541839039,0.046397233871401815,0.7280414119446944],[0.43464866168241095,0.515621087803789,0.04973025051380004],[0.2360481868075634,0.2850003713935399,0.47895144179889665],[0.6079658661171244,0.09077451046529601,0.30125962341757956],[0.3907993859996061,0.2812507813322665,0.3279498326681275],[0.15821000396515367,0.6842795669674518,0.15751042906739468],[0.1317678836046265,0.5469747426513876,0.32125737374398605],[0.04881529383780423,0.21239362227365072,0.738791083888545],[0.11570439349466351,0.42554454905759115,0.4587510574477453],[0.14964694841479315,0.29879199290486974,0.5515610586803371],[0.16679285718705963,0.10092309017625113,0.7322840526366893],[0.14858681641495916,0.5288253267518208,0.32258785683321994],[0.28244890699342307,0.2943260304153228,0.4232250625912541],[0.006603740392231977,0.3429679676631037,0.6504282919446643],[0.14132579383247867,0.4479984762149785,0.4106757299525429],[0.12122847096393224,0.09295022395312502,0.7858213050829428],[0.20493745636084082,0.5707254290058102,0.22433711463334888],[0.1768404970337911,0.681660817031359,0.14149868593484988],[0.12039629790437556,0.7843629031696758,0.09524079892594856],[0.09679721228112281,0.6662856428865288,0.23691714483234838],[0.3062483648973237,0.6500166187291774,0.04373501637349904],[0.36678738181253534,0.18827389501280198,0.4449387231746628],[0.3531696554330859,0.33337283447012117,0.31345751009679296],[0.08754145265843825,0.7193401627956814,0.1931183845458804],[0.023198985159080032,0.9192603274240334,0.05754068741688654],[0.19838574642040513,0.3445111851909314,0.45710306838866355],[0.00612817916562566,0.5810569498408649,0.4128148709935094],[0.08257654165714871,0.5247506339519239,0.39267282439092743],[0.6039241257280907,0.2240751061903794,0.1720007680815298],[0.2172253587156788,0.35681386140065785,0.42596077988366327],[0.2395400250114444,0.20047640583969867,0.559983569148857],[0.1113200118624546,0.08220550552314605,0.8064744826143995],[0.22688078304975662,0.053583518894413686,0.7195356980558297],[0.28607621871124056,0.5799800817304921,0.1339436995582672],[0.2641078078044878,0.11262668967321736,0.6232655025222948],[0.5281065927926186,0.16616845559957358,0.3057249516078078],[0.19805880626884204,0.16143686636540688,0.640504327365751],[0.08578722906801928,0.7460530238196718,0.16815974711230897],[0.13374744993583798,0.5130741375125428,0.35317841255161925],[0.38769683580006875,0.38665796321093787,0.22564520098899338],[0.0181715844767123,0.6341904634823502,0.34763795204093756],[0.2883195633352812,0.5126842661469306,0.19899617051778798],[0.2889763124828309,0.5177951210022963,0.19322856651487272],[0.1755560374070548,0.765993078714082,0.058450883878863075],[0.29664741397654876,0.2190641488397459,0.4842884371837053],[0.16577615923486042,0.07102913157902697,0.7631947091861127],[0.5306979452466087,0.2319244667208754,0.23737758803251596],[0.2273579209042904,0.37704087249725604,0.39560120659845355],[0.6410393664066281,0.2559001733172512,0.10306046027612066],[0.6014587468554341,0.08542701616657403,0.3131142369779918],[0.7554122210292606,0.0631916657862173,0.18139611318452203],[0.08230956273934599,0.7739022083709943,0.14378822888965967],[0.33983471530016784,0.11938036937275368,0.5407849153270786],[0.04229274242865288,0.37936420369854934,0.5783430538727978],[0.11153143566144924,0.4904934784853696,0.39797508585318125],[0.5315331865312074,0.12949161252178265,0.3389752009470099],[0.10532891187893778,0.7115299008451565,0.18314118727590575],[0.37860945390284806,0.48044694743058797,0.14094359866656414],[0.28913279244327844,0.3306435789108533,0.3802236286458683],[0.4420269903491504,0.2170911924566623,0.3408818171941873],[0.2775192014685506,0.09125932455092602,0.6312214739805233],[0.2794160790388466,0.607851899303748,0.11273202165740553],[0.5463254912685234,0.43015266416499603,0.02352184456648053],[0.21751082915819572,0.4822293475538391,0.30025982328796524],[0.15357292412610796,0.04160341947048584,0.8048236564034063],[0.2549737695648404,0.35247098312924996,0.3925552473059097],[0.0018395126774506854,0.6972426501302293,0.30091783719231996],[0.004228491776931561,0.28929099650359774,0.7064805117194707],[0.09780733254025253,0.8171962985256166,0.08499636893413079],[0.08112557101212237,0.8514409081781433,0.06743352080973425],[0.1503874205420198,0.5544100020390522,0.29520257741892797],[0.1812290843434632,0.23662616095405486,0.5821447547024821],[0.1286349139051036,0.15293083809018215,0.7184342480047142],[0.36821643134499443,0.12440959470820652,0.5073739739467992],[0.38138819188422995,0.4817600319484543,0.13685177616731575],[0.2533701834461048,0.4649668594107227,0.28166295714317263],[0.15991151639190848,0.3704961797494673,0.4695923038586241],[0.14101848154959795,0.141664008689242,0.71731750976116],[0.013495839543252754,0.7852098947304276,0.2012942657263196],[0.16907429071217422,0.0640846331222544,0.7668410761655714],[0.7224676763901889,0.23419956825352226,0.04333275535628877],[0.2131048002222412,0.5241572978140835,0.26273790196367536],[0.5541370093034362,0.23056146072828065,0.21530152996828317],[0.051170932268481,0.2577343096041203,0.6910947581273987],[0.06088967470342203,0.503656748364248,0.43545357693233],[0.2750005520183503,0.6047604513648591,0.12023899661679059],[0.7574268828316187,0.06447777791296992,0.17809533925541135],[0.07868417102165831,0.3609939719665633,0.5603218570117783],[0.21692705485645183,0.44753728270692783,0.3355356624366204],[0.232061483437891,0.6236691561220998,0.1442693604400091],[0.48482985021016456,0.21789309839504703,0.29727705139478844],[0.40606794987473416,0.20511247764417134,0.38881957248109444],[0.2850394344622328,0.20562782292675216,0.5093327426110151],[0.2069396328284906,0.04995534827552975,0.7431050188959796],[0.2850955267572446,0.38182408048616195,0.33308039275659357],[0.06197499449892622,0.7481521624371646,0.189872843063909],[0.4823598354791753,0.4249031897937861,0.09273697472703847],[0.11825868864558922,0.6332882024561471,0.24845310889826375],[0.1023648177481244,0.28598051875619096,0.6116546634956846],[0.5975944171179965,0.39155530946774214,0.01085027341426133],[0.3866889726886285,0.5703102174947039,0.043000809816667596],[0.5794804417645244,0.2104863936503888,0.21003316458508672],[0.1700025161336664,0.045718809158515665,0.784278674707818],[0.248433692729093,0.4871873875680708,0.2643789197028363],[0.15581286811598233,0.2395090718669353,0.6046780600170825],[0.44659307993855246,0.23818626994771785,0.3152206501137297],[0.30673934926794094,0.4902729670128336,0.2029876837192254],[0.1645143519504044,0.6053092975494941,0.23017635050010157],[0.01689619393863054,0.6968915193253159,0.2862122867360535],[0.09010188588223922,0.2334200577132449,0.6764780564045159],[0.10716749229766655,0.749539182181656,0.14329332552067725],[0.21108303385737417,0.7596432912153291,0.029273674927296586],[0.5758839163554498,0.20507448431289418,0.21904159933165593],[0.06497518285683215,0.7754059476161116,0.15961886952705623],[0.36075582846868104,0.5170926701578163,0.12215150137350259],[0.21710087611967177,0.4436140168879503,0.33928510699237796],[0.02438499409404972,0.7466964464948873,0.22891855941106307],[0.03897494028723217,0.04332002509224325,0.9177050346205246],[0.15996996509553604,0.09908246240699918,0.7409475724974649],[0.4529639441626618,0.3767399880559414,0.1702960677813969],[0.6536894809531199,0.03847952035332036,0.30783099869355973],[0.48254102563773915,0.28687725823626975,0.23058171612599115],[0.08517595107753005,0.1560429580675519,0.758781090854918],[0.5827757539316468,0.027615122878183327,0.3896091231901699],[0.15765873615608916,0.19067578454281797,0.6516654793010929],[0.029689938782933432,0.6316250365410743,0.3386850246759922],[0.2407565178361627,0.060218148896197525,0.6990253332676398],[0.15281413846833586,0.15405600404505057,0.6931298574866136],[0.2509284048081382,0.28001646462598645,0.4690551305658753],[0.3740639071507899,0.3694415611926808,0.25649453165652925],[0.19526204220804724,0.050178537117180594,0.7545594206747721],[0.36223051621128766,0.5617733417955454,0.07599614199316694],[0.25657686790422835,0.07787634760467946,0.6655467844910923],[0.844943268088894,0.0629095947051129,0.09214713720599317],[0.3497193313064937,0.09948249997516023,0.550798168718346],[0.23762990729971306,0.4696620277430431,0.29270806495724383],[0.42016577549918677,0.12392142018122299,0.45591280431959036],[0.32620212215856303,0.2379873825543848,0.4358104952870522],[0.05395757931937438,0.6382248354734874,0.3078175852071382],[0.04186381138256347,0.8452699014880397,0.11286628712939675],[0.9029716175254945,0.015357032872929225,0.08167134960157627],[0.7295996319318407,0.25247242337441256,0.01792794469374665],[0.2179793505149349,0.5506213282969263,0.23139932118813877],[0.516357563657152,0.4411570679806172,0.042485368362230755],[0.11905870160906007,0.7443116590950382,0.13662963929590174],[0.18137909309557104,0.05990034287154539,0.7587205640328836],[0.23802118897987504,0.6011560451756185,0.16082276584450655],[0.1467443850951681,0.7231259805225696,0.13012963438226227],[0.16469386458289145,0.6665228291537707,0.16878330626333785],[0.12229031111240803,0.38444409215437425,0.4932655967332177],[0.7598588516481958,0.20420752260344277,0.03593362574836157],[0.12568779469586586,0.38889588053203544,0.48541632477209856],[0.31371928363677515,0.5268272497329862,0.15945346663023874],[0.44898659199272783,0.10023947265112315,0.4507739353561491],[0.7883324929567429,0.06457998671252972,0.1470875203307275],[0.20954843091967462,0.16371098004101511,0.6267405890393102],[0.8417590708156261,0.07263856159134961,0.08560236759302442],[0.4706582268461701,0.2547745113951574,0.27456726175867263],[0.26708565108434346,0.37487751036743155,0.358036838548225],[0.09147628612453952,0.43681215766863957,0.47171155620682104],[0.549296128773647,0.2845228987481513,0.16618097247820177],[0.11822112551381875,0.782466674846712,0.09931219963946925],[0.23177048339395068,0.29319291892577853,0.4750365976802708],[0.3143855451710381,0.12578484660397238,0.5598296082249895],[0.7614487123582421,0.008873251959482945,0.22967803568227485],[0.7603448565747436,0.03664052182584614,0.20301462159941022],[0.3516970904048054,0.5465037178532447,0.10179919174194996],[0.08282124090345747,0.3212828471960129,0.5958959119005297],[0.6884293934222676,0.1311267874922683,0.18044381908546414],[0.3258403515326764,0.6151851721624413,0.0589744763048824],[0.2196370631741464,0.6557469482514887,0.12461598857436496],[0.4704755311040362,0.17805889593692262,0.3514655729590412],[0.7033225997321192,0.21221188925245843,0.08446551101542245],[0.27303893854038164,0.6589600246840155,0.06800103677560285],[0.2502323251276394,0.3331296162622387,0.4166380586101221],[0.31804522684169795,0.5848769291618598,0.09707784399644218],[0.6104590093254884,0.2534089346460942,0.1361320560284176],[0.7999943399618059,0.1318672643208517,0.06813839571734233],[0.27719822109286524,0.2754414743811315,0.4473603045260032],[0.12238292311479346,0.16160380946590286,0.7160132674193037],[0.2490866716097269,0.1482847360094831,0.60262859238079],[0.01289287677073282,0.4199619587542118,0.5671451644750554],[0.3474416434791201,0.3999059664360932,0.25265239008478657],[0.07839439929897711,0.06370846630658011,0.8578971343944427],[0.37327206170845134,0.32372306368005954,0.30300487461148917],[0.19518362949544402,0.5998011886690788,0.20501518183547715],[0.44807802164565486,0.4797483044867582,0.07217367386758694],[0.2060906117777541,0.6526237269277887,0.1412856612944572],[0.5278839385922589,0.25410176071470525,0.21801430069303582],[0.11004458991499731,0.6155234479103756,0.27443196217462706],[0.31368136469095426,0.5476826844648488,0.13863595084419691],[0.5071741714255827,0.25863515037706664,0.23419067819735065],[0.05149673652357146,0.7408027915126076,0.20770047196382085],[0.2820177031341718,0.2731097710294793,0.444872525836349],[0.19677162925027095,0.6696707438211104,0.13355762692861864],[0.15999660254997133,0.6491618437103926,0.19084155373963602],[0.35695974942749076,0.44537211096846835,0.19766813960404092],[0.7115361676233642,0.11230367421873019,0.17616015815790545],[0.15679788428963717,0.0312905011893387,0.8119116145210242],[0.5092793022240089,0.42938914954725954,0.061331548228731485],[0.4142975432311396,0.2505516375660664,0.33515081920279394],[0.3081625135119736,0.3571583208624646,0.33467916562556194],[0.38924205318048805,0.3646449300717178,0.24611301674779418],[0.15686973968513118,0.27654002926912113,0.5665902310457476],[0.695310713268263,0.11943941486679478,0.18524987186494224],[0.4912409523944404,0.4635277325760089,0.04523131502955071],[0.1968857871849754,0.5700941069765987,0.2330201058384258],[0.2021512720866518,0.2945247137739905,0.5033240141393577],[0.6621725110474331,0.048411954400432354,0.2894155345521346],[0.39644995730471183,0.45695140682042035,0.1465986358748677],[0.09439646472786568,0.8110039702935933,0.09459956497854113],[0.022168520312584063,0.4397996394365379,0.5380318402508779],[0.7713112718387232,0.0976363929467214,0.13105233521455534],[0.32424514223721745,0.07513632003046634,0.6006185377323161],[0.009058565859356037,0.4810587827062657,0.5098826514343782],[0.6408644526818424,0.18415187281638945,0.17498367450176805],[0.4821764770407596,0.39204398391743345,0.12577953904180697],[0.1909751756087617,0.40365523586578556,0.4053695885254528],[0.6082601726167851,0.20050465738830306,0.19123516999491194],[0.29202488552107003,0.17933836607948928,0.5286367483994406],[0.46585516516355524,0.3360845133088627,0.19806032152758193],[0.2958610308541011,0.22741827738295362,0.4767206917629452],[0.26959298052529485,0.2782110136762067,0.4521960057984984],[0.6639689586878564,0.048410143805965984,0.28762089750617764],[0.66052946105463,0.09427993090926025,0.24519060803610973],[0.718252263555642,0.22839069997138198,0.05335703647297604],[0.7024143638250855,0.040294535723403344,0.25729110045151116],[0.7753253132647935,0.1892420463032488,0.0354326404319576],[0.15496018167180614,0.5296204252914364,0.3154193930367575],[0.4073211357043198,0.5718018617977184,0.020877002497961757],[0.11626756808954933,0.03210465651545093,0.8516277753949998],[0.5045034270329876,0.2697372914388518,0.2257592815281607],[0.726050633261426,0.1959469388137262,0.0780024279248478],[0.09693533779629993,0.685843354863642,0.21722130734005812],[0.2264822928383849,0.26979526002710513,0.50372244713451],[0.5852857980130215,0.25674253476718817,0.15797166721979045],[0.4059409435000193,0.1599870728564857,0.43407198364349514],[0.4161592509417163,0.4101977783666655,0.17364297069161816],[0.11091180880870366,0.7184887725780331,0.1705994186132633],[0.7964171482759117,0.07792029957203771,0.12566255215205055],[0.29825288147852824,0.5049119056389823,0.1968352128824895],[0.2609605670725454,0.5090719378494213,0.2299674950780333],[0.5834369452331136,0.18561922417760884,0.2309438305892775],[0.45552913412538676,0.5244302715291067,0.020040594345506625],[0.3504138322378671,0.04177704548807354,0.6078091222740595],[0.5819686684971731,0.31219764448029486,0.10583368702253201],[0.2998370341910296,0.48836792531545004,0.21179504049352035],[0.46364521900630223,0.3331733546281819,0.20318142636551584],[0.10184313333724208,0.7276220198218034,0.17053484684095455],[0.23558698106712658,0.4895443844920887,0.2748686344407847],[0.08374442679889525,0.1481148085778772,0.7681407646232276],[0.48731336971950984,0.15507018761054184,0.35761644266994835],[0.17495811526015048,0.39116448828304495,0.4338773964568047],[0.11528702850148419,0.057311468141043535,0.8274015033574723],[0.5711119581107723,0.12142574780129277,0.3074622940879349],[0.7693575025711011,0.2061394580829219,0.024503039345977123],[0.5210452109295789,0.09805469432589838,0.38090009474452263],[0.13589591699090808,0.19225631160492163,0.6718477714041703],[0.43056153540927594,0.486569364254164,0.08286910033656002],[0.3586569095570046,0.43473791755164787,0.20660517289134742],[0.15428769883834587,0.5155881924357691,0.33012410872588505],[0.27711649530281823,0.3715980295565107,0.35128547514067104],[0.13543695716215748,0.2677687398327736,0.5967943030050689],[0.4393440789031863,0.4603793988441232,0.10027652225269049],[0.7074985947864821,0.1176333954944612,0.17486800971905664],[0.11413399290701634,0.8778895972540197,0.007976409838963798],[0.1804113132452615,0.0567712326453953,0.7628174541093432],[0.3680823133811169,0.1968702221115363,0.43504746450734677],[0.2442646578957483,0.6011910581014529,0.15454428400279874],[0.2856616360930992,0.4837926807021146,0.23054568320478613],[0.4238285405219369,0.19357905055665833,0.3825924089214046],[0.3356184875515922,0.14128367467702937,0.5230978377713785],[0.07745197378491535,0.4085198078017186,0.5140282184133662],[0.21271169590352035,0.25893135992782573,0.528356944168654],[0.46989025716045024,0.1209893144338496,0.4091204284057002],[0.07995911504434612,0.5275729215779608,0.3924679633776931],[0.42781681692639223,0.41197194888716326,0.16021123418644456],[0.30463917255591616,0.32328982548671353,0.3720710019573704],[0.12384874247556076,0.7757090666479822,0.10044219087645702],[0.6395834415664494,0.05417583073386763,0.3062407276996831],[0.18875409629121895,0.33173854513942064,0.47950735856936055],[0.056496033950039985,0.5773802853518025,0.3661236806981574],[0.15076092487626672,0.2884346226608755,0.5608044524628578],[0.47332521323527793,0.15718069029933274,0.3694940964653893],[0.36892057308675835,0.39459914391165457,0.2364802830015872],[0.35615803321463146,0.5354191907755803,0.10842277600978832],[0.2673990376655127,0.31362651984711326,0.41897444248737403],[0.1685240791466189,0.06957158487137247,0.7619043359820088],[0.26446436674706836,0.6598240689654858,0.07571156428744577],[0.24891891833691304,0.2511251786852834,0.49995590297780373],[0.09614970971568612,0.6629276202582427,0.24092267002607112],[0.5875350195585767,0.06124700107710998,0.35121797936431315],[0.5822168567320454,0.024089979222338586,0.3936931640456161],[0.7241735346586379,0.06183128659007699,0.21399517875128501],[0.35598431463992103,0.512186947380695,0.13182873797938396],[0.4704909389482335,0.20287618728330414,0.3266328737684624],[0.2910901311998048,0.5446722189751686,0.1642376498250267],[0.7120348138231759,0.049205618053893084,0.23875956812293106],[0.02374379205954452,0.3962380784077623,0.5800181295326933],[0.6219605673181471,0.12040635265685416,0.25763308002499863],[0.2906619244368242,0.1391488654068879,0.5701892101562879],[0.16332425269776388,0.5982527032457661,0.23842304405647022],[0.27320335297692067,0.34681160836270425,0.3799850386603752],[0.06321678877710717,0.599342321991246,0.33744088923164683],[0.15763031617134896,0.22391417190205062,0.6184555119266004],[0.13211479565063103,0.046676290837937076,0.8212089135114319],[0.08214922166624558,0.244229672448346,0.6736211058854084],[0.5376269298312112,0.23063549013087653,0.23173758003791226],[0.3297058578781098,0.2541744129600766,0.4161197291618137],[0.2806570157294719,0.5158525501588006,0.20349043411172754],[0.6338001432014951,0.3432799502675895,0.022919906530915312],[0.17923911768950163,0.8162068688111052,0.004554013499393268],[0.2559093764894068,0.15504429885551377,0.5890463246550793],[0.29322924964400066,0.058030949889036815,0.6487398004669626],[0.2952025691264207,0.5206030130440793,0.18419441782950008],[0.28025587623518233,0.17743978023599363,0.5423043435288242],[0.49077636733648244,0.415286949916044,0.0939366827474737],[0.7589087921243454,0.08317641354122227,0.15791479433443226],[0.4109142437541204,0.346175938445026,0.24290981780085374],[0.529159711285735,0.38806558273010555,0.08277470598415948],[0.5264464711212916,0.1275330481545371,0.3460204807241713],[0.4421180657000743,0.5158600932086671,0.04202184109125869],[0.4951314386486977,0.28396386871538337,0.22090469263591883],[0.10362440102446657,0.4111255249267225,0.4852500740488111],[0.05495042274238805,0.8633182193237129,0.08173135793389914],[0.0739045535548174,0.7706973015728272,0.1553981448723554],[0.2357453534702908,0.23903539655447104,0.5252192499752381],[0.7912440398449693,0.056819766849378506,0.15193619330565214],[0.6514947038423282,0.10001192599752376,0.248493370160148],[0.5131821370570594,0.09867116575845368,0.3881466971844869],[0.24005413294274713,0.49718017837078343,0.2627656886864695],[0.012514765998975198,0.30825723699803864,0.6792279970029863],[0.6044530986240483,0.16385441397184553,0.23169248740410628],[0.1935538144556512,0.03248909770536647,0.7739570878389823],[0.23093282555287553,0.09458171811292834,0.6744854563341961],[0.16553124547590906,0.42023721448565726,0.41423154003843365],[0.43353861081531125,0.34812265466321585,0.21833873452147293],[0.345218165415948,0.41006988712654335,0.2447119474575085],[0.058190511621461424,0.23536500653641532,0.7064444818421233],[0.3173477491349252,0.3691679014667692,0.3134843493983056],[0.08957712423445482,0.14559446394846545,0.7648284118170797],[0.03930035776101753,0.16459676206171012,0.7961028801772723],[0.7420391236863685,0.01433973729761361,0.24362113901601792],[0.32183995100486734,0.5268173103582432,0.15134273863688938],[0.20656230944793227,0.4554377809709431,0.33799990958112475],[0.29561060658442506,0.6043014728774542,0.10008792053812092],[0.690036612165687,0.24086053552445105,0.0691028523098619],[0.7814096623235497,0.09708599731585243,0.1215043403605978],[0.6430684354961389,0.2750406295941223,0.08189093490973881],[0.08913261303729086,0.5231576934297634,0.38770969353294576],[0.3676120912829089,0.48448453483926035,0.14790337387783067],[0.3642725255398542,0.3019233337585258,0.33380414070161996],[0.7824125682436135,0.14812430222288275,0.06946312953350375],[0.24398681294093194,0.18176488537730845,0.5742483016817597],[0.30922126000682754,0.2689803885188669,0.42179835147430556],[0.3413427085685172,0.08084845175402967,0.5778088396774532],[0.4290309730913799,0.417443323885357,0.15352570302326315],[0.16573607192953502,0.21118540161498187,0.6230785264554832],[0.24590958121973855,0.6577166978453822,0.09637372093487936],[0.4911633800913875,0.2765890649019636,0.2322475550066489],[0.5597528803623542,0.22282696739406616,0.21742015224357975],[0.21867606171910542,0.5997884050028373,0.1815355332780574],[0.5805048070311314,0.2411389003179466,0.178356292650922],[0.04666123199147584,0.7995000325798018,0.15383873542872226],[0.21232066767408278,0.760905096797408,0.02677423552850933],[0.41873979890414326,0.5528679175668524,0.02839228352900436],[0.06165783594820743,0.8728828075906264,0.065459356461166],[0.11676068580264237,0.4854971536695755,0.39774216052778205],[0.8008996407534622,0.04074249602115714,0.15835786322538073],[0.5188359243230868,0.13434104699364377,0.3468230286832695],[0.49533834515080466,0.22017339488800403,0.2844882599611913],[0.26969696096509915,0.647485359214359,0.08281767982054179],[0.20957641031781923,0.03956443674018151,0.7508591529419992],[0.13973429666337636,0.7418478003210699,0.11841790301555376],[0.08174632457466795,0.12480826491736177,0.7934454105079702],[0.13106919950310666,0.5863139897909855,0.28261681070590783],[0.20360038677902653,0.7212722541078711,0.0751273591131024],[0.6627248639648883,0.2002080755517045,0.13706706048340728],[0.46677418375723545,0.22130666894113113,0.3119191473016335],[0.29901189995204447,0.5288038908462727,0.17218420920168287],[0.2545763158862465,0.604356274001703,0.14106741011205057],[0.07138387721828814,0.1434145208195856,0.7852016019621263],[0.5067189761333999,0.1919586449591035,0.30132237890749664],[0.04986764085709182,0.07425097825637991,0.8758813808865282],[0.34546351609841747,0.13711480572263823,0.5174216781789442],[0.2222629548613009,0.03779093892091253,0.7399461062177867],[0.37817069457637376,0.4801023867916455,0.14172691863198064],[0.4885414625723602,0.2001287948593649,0.3113297425682749],[0.15512583370073113,0.27968316908091995,0.5651909972183491],[0.1304917246637085,0.8263793502642183,0.043128925072073304],[0.6759043639443639,0.11863886526418355,0.20545677079145247],[0.7910885581673366,0.11012217608216786,0.0987892657504955],[0.23946007181493012,0.6914156407672063,0.06912428741786357],[0.3615845042404844,0.531655478204829,0.10676001755468673],[0.2878089838110171,0.2385699866393277,0.4736210295496551],[0.18071975981964802,0.7632178406472847,0.056062399533067235],[0.3975109918705105,0.3192973846062583,0.2831916235232312],[0.07129753154632358,0.885350857556065,0.043351610897611415],[0.14383575753407557,0.2770561518773173,0.5791080905886071],[0.38687191876263927,0.2312180792766283,0.3819100019607325],[0.3827126466580266,0.444133080188112,0.1731542731538613],[0.6191214876941546,0.08938443962522813,0.29149407268061717],[0.43215932395755163,0.4220029933751126,0.14583768266733568],[0.17648128188563764,0.6733620613191226,0.1501566567952398],[0.09769824142758805,0.18382663479964303,0.7184751237727689],[0.15494797442884242,0.5162622141575124,0.32878981141364516],[0.19569540842704852,0.2739578526394096,0.5303467389335419],[0.26376680968113353,0.710011598046474,0.02622159227239267],[0.18065565998757763,0.014781649767313792,0.8045626902451085],[0.47741156757666003,0.04452353005491533,0.47806490236842464],[0.445860531290989,0.06977597216188414,0.48436349654712685],[0.5804110063358058,0.10065448521718615,0.3189345084470081],[0.448762628173327,0.2721711687735669,0.27906620305310603],[0.6445711585527973,0.291001825010276,0.06442701643692668],[0.13595070616617258,0.2989102127056461,0.5651390811281812],[0.2969796642910671,0.3866580145105058,0.31636232119842717],[0.1331481735494751,0.6251028408921245,0.24174898555840044],[0.14860444739839715,0.29977443535407206,0.5516211172475308],[0.20468238411775982,0.6447952626954702,0.15052235318676996],[0.3645392901612064,0.40290912360060743,0.23255158623818625],[0.08969870795920963,0.45712117825251336,0.45318011378827716],[0.8002422263773772,0.029474070513893624,0.17028370310872917],[0.020168598759479607,0.8250456531114186,0.15478574812910176],[0.35982975041822746,0.4664511206936691,0.1737191288881035],[0.33382361218323015,0.16116850871860086,0.505007879098169],[0.17953376428638781,0.19521394748025006,0.6252522882333621],[0.32842585631009,0.6043423478977209,0.06723179579218912],[0.18789309430608533,0.4520435321458567,0.360063373548058],[0.5051059636113442,0.34742815190754633,0.14746588448110945],[0.8882550697757863,0.07044976846451315,0.04129516175970052],[0.831284925138039,0.09178034829408736,0.07693472656787373],[0.02392857218396512,0.7481703646875896,0.22790106312844532],[0.25083625054261793,0.11444921534543383,0.6347145341119482],[0.473000850747152,0.44334679250426806,0.0836523567485799],[0.7080983088312678,0.28106529892847154,0.010836392240260574],[0.20180073816694497,0.5033068173989363,0.2948924444341187],[0.0488200223962912,0.5586651613095209,0.39251481629418805],[0.5809708667518473,0.1062885547334911,0.3127405785146616],[0.6828828360619554,0.1480632754460892,0.16905388849195527],[0.0851731988696733,0.8019102985598651,0.11291650257046176],[0.23432765413187254,0.42338931443732586,0.34228303143080174],[0.36857555791792684,0.24363937041961595,0.3877850716624571],[0.03399971871624047,0.939629483442726,0.02637079784103344],[0.5278209487005597,0.3793019144238502,0.09287713687559004],[0.021429302533374175,0.7078648628037848,0.2707058346628409],[0.8278710821455736,0.07799253749033651,0.0941363803640899],[0.8250746626556194,0.015204791721497746,0.1597205456228829],[0.04222980768463723,0.556786203262709,0.40098398905265387],[0.3012635266268936,0.08664250393188386,0.6120939694412226],[0.44913548796312736,0.4442221121035575,0.10664239993331516],[0.6402383041631061,0.1395307131127517,0.2202309827241422],[0.4307745874831607,0.2281861528723579,0.3410392596444815],[0.30681212421019666,0.09639703933847218,0.5967908364513311],[0.6254393683232182,0.3328518742503379,0.04170875742644406],[0.5940709196967201,0.25594270911763684,0.14998637118564295],[0.16341298545885405,0.8133557146495803,0.023231299891565624],[0.37278673696710074,0.055447243584600486,0.5717660194482987],[0.5964234981010632,0.1548736014613315,0.24870290043760532],[0.4961971046091454,0.42602478491161294,0.07777811047924173],[0.37521848626449716,0.6061725506443852,0.018608963091117574],[0.630485823381774,0.2630534700286301,0.10646070658959585],[0.03540340243290258,0.8305970351582054,0.1339995624088921],[0.3383433430762064,0.24422738078762704,0.4174292761361665],[0.7167268988910039,0.13785270602024755,0.1454203950887486],[0.20261360088284133,0.6908846970336321,0.10650170208352643],[0.33015707541882006,0.4829385253123831,0.18690439926879676],[0.2877242364126445,0.24945716906272722,0.4628185945246283],[0.21498269374406817,0.7060374854103051,0.07897982084562681],[0.4557856016855122,0.23473584797948344,0.30947855033500443],[0.07891018908876447,0.7825306510463694,0.13855915986486622],[0.7064327667650927,0.22739837617663022,0.06616885705827691],[0.11952604258703038,0.4900064359721005,0.3904675214408691],[0.22938093945521987,0.49818688592274857,0.2724321746220315],[0.14334822695601332,0.7970681059807088,0.05958366706327781],[0.23495824242672605,0.28057646186703605,0.48446529570623775],[0.20953192452790084,0.6046564204289604,0.18581165504313873],[0.44848663141416717,0.3219727401025368,0.229540628483296],[0.4411138094375631,0.32899819034046096,0.2298880002219759],[0.2803729779359487,0.5774268007462623,0.14220022131778895],[0.19040611539962313,0.7797611148019751,0.029832769798401736],[0.42665936132172244,0.5026855336539573,0.07065510502432046],[0.06562452779250025,0.5583416720930758,0.376033800114424],[0.3377055025624762,0.3991603558357713,0.2631341416017525],[0.4965068856657627,0.33276047128903585,0.17073264304520147],[0.04744666127182234,0.5827043920554429,0.36984894667273477],[0.4485076159743143,0.13105523470215383,0.420437149323532],[0.8922520472806886,0.03336666214704649,0.07438129057226484],[0.7638952358983897,0.20121555749687417,0.034889206604736114],[0.37376699540735603,0.27133101514300845,0.3549019894496355],[0.14572314953634175,0.04644606380033182,0.8078307866633265],[0.9400672817395396,0.02951900874350837,0.030413709516952186],[0.4086741539920352,0.4796933010540713,0.11163254495389353],[0.26926626421911753,0.3603804187561284,0.3703533170247541],[0.022126861449371846,0.31980765761613206,0.6580654809344961],[0.22250485364873374,0.10750333985042919,0.6699918065008371],[0.8121091334541648,0.04254221541963831,0.14534865112619694],[0.1910177211973037,0.088854393595622,0.7201278852070744],[0.6874633481626864,0.2543884475391081,0.05814820429820541],[0.060646032163145,0.2719318875195943,0.6674220803172606],[0.37144414145868354,0.0954860605529815,0.5330697979883348],[0.19635931232493484,0.05319505639038405,0.7504456312846812],[0.20408806504203061,0.44351844640420807,0.3523934885537612],[0.26082884326128636,0.20337436268092166,0.5357967940577919],[0.3274973619647707,0.2720970075810256,0.40040563045420363],[0.09376775569827728,0.8279626522575084,0.07826959204421419],[0.27797447801884034,0.3783414924249275,0.3436840295562321],[0.31964458306289556,0.5893882294537471,0.09096718748335719],[0.16197914801881644,0.7473942729229289,0.09062657905825462],[0.09317061124109638,0.42583182804483105,0.48099756071407257],[0.29942291656594966,0.3259915404747304,0.37458554295931995],[0.42938492293994823,0.4837200172141057,0.08689505984594617],[0.21940863179363249,0.47117696625944766,0.30941440194691977],[0.27769463023634666,0.6201973221087542,0.10210804765489917],[0.18755227171981212,0.38686433818180466,0.4255833900983832],[0.20161939249868932,0.2729900787083115,0.5253905287929993],[0.20312357351694496,0.6499605592140669,0.14691586726898823],[0.6001658344689902,0.331828861795298,0.06800530373571174],[0.4962457643888241,0.436608279843889,0.06714595576728678],[0.07650797102619705,0.8726826316995748,0.05080939727422816],[0.08087541607339581,0.27122322669153215,0.647901357235072],[0.03942664964365662,0.08792498443420163,0.8726483659221417],[0.31788496244194797,0.6669649030214374,0.015150134536614476],[0.5502758558455898,0.31918715342946463,0.13053699072494546],[0.45159149707904833,0.2960222364140329,0.25238626650691875],[0.664247553006566,0.1